0:
##.
.##
..#

1:
#.#
###
#.#

2:
#.#
###
.##

3:
#.#
#.#
###

4:
###
.##
..#

5:
..#
###
###

33x13: 11 13 13 12 12 11
12x42: 10 7 7 9 9 14
34x27: 16 13 12 13 24 17
47x43: 71 51 55 54 60 53
31x15: 13 14 11 12 14 13
16x20: 3 7 4 4 5 5
22x17: 5 8 5 5 5 4
15x41: 12 9 11 13 11 8
37x17: 15 16 15 20 19 15
47x31: 24 19 27 30 18 29
24x47: 28 30 34 29 33 32
15x32: 12 12 12 12 14 16
44x44: 33 24 26 31 42 31
25x18: 11 15 13 12 12 11
30x47: 49 39 36 35 41 35
14x33: 15 12 11 14 13 12
46x20: 17 13 12 16 11 19
23x19: 14 11 11 11 15 11
43x14: 9 9 10 9 8 9
20x15: 7 8 10 7 10 7
47x26: 31 32 30 33 41 34
38x23: 28 21 22 28 22 27
20x41: 16 9 9 18 10 10
36x12: 10 15 12 14 11 10
20x17: 5 7 3 5 5 5
31x41: 22 23 22 26 17 16
47x44: 29 26 37 34 32 37
18x12: 6 4 4 4 6 4
16x15: 6 3 4 4 5 3
32x23: 11 16 12 8 11 11
14x13: 4 4 5 6 4 5
27x22: 13 7 12 11 10 10
16x32: 12 14 15 15 16 14
20x44: 15 11 14 14 12 17
43x41: 23 32 28 26 24 45
13x24: 10 8 10 7 9 9
23x26: 17 14 16 16 19 16
19x28: 18 13 14 14 15 15
14x37: 9 8 7 10 7 7
16x30: 8 6 10 12 8 6
35x39: 21 20 29 31 17 24
15x17: 3 6 4 3 4 5
38x23: 15 14 13 12 18 12
42x17: 21 21 17 17 20 18
22x36: 27 23 20 22 22 19
42x25: 28 31 34 27 28 26
24x46: 16 28 19 15 18 21
25x46: 33 36 34 30 28 30
37x34: 19 24 16 20 24 28
40x18: 10 9 11 14 18 16
32x25: 11 11 14 16 11 12
18x15: 6 3 6 6 3 6
23x39: 14 12 13 20 12 15
17x39: 17 17 21 20 17 16
47x43: 32 27 43 40 33 28
17x23: 9 10 13 13 9 11
17x33: 7 11 13 7 9 7
19x31: 17 14 15 21 18 14
32x22: 8 8 16 11 17 10
33x47: 43 39 41 44 40 39
17x32: 9 7 8 6 9 7
15x26: 10 12 9 12 9 11
15x26: 9 9 13 10 10 9
20x29: 10 8 12 6 9 6
27x29: 19 22 21 19 20 22
17x23: 13 12 10 10 10 9
23x31: 22 17 17 22 18 18
22x14: 8 8 8 7 10 9
13x34: 12 11 11 13 15 13
44x30: 21 26 17 17 32 18
16x43: 12 16 12 10 10 9
46x16: 12 13 10 13 14 9
34x26: 11 19 15 14 16 12
36x12: 14 13 10 11 13 10
22x48: 28 26 30 28 30 33
13x16: 5 7 5 6 6 5
37x42: 40 41 42 45 45 49
21x15: 7 7 6 5 5 5
43x14: 10 7 14 7 8 8
24x23: 15 17 14 13 13 14
21x31: 13 15 10 14 10 8
12x17: 5 3 2 2 3 4
15x44: 12 8 13 10 13 11
40x15: 8 13 10 9 11 13
22x18: 9 10 13 10 12 10
46x45: 34 36 31 36 39 29
34x18: 10 9 15 10 11 9
42x27: 20 27 22 17 18 20
46x16: 9 15 11 10 12 13
24x25: 8 8 9 13 15 9
24x26: 16 15 16 16 20 17
35x42: 33 20 21 22 36 19
36x33: 26 17 24 18 24 18
17x23: 9 11 13 13 9 10
12x16: 4 4 2 5 2 2
48x40: 32 37 29 27 52 27
34x46: 20 33 21 27 32 30
15x35: 6 7 12 13 7 9
43x33: 21 30 29 19 22 25
20x38: 10 9 10 12 10 18
33x21: 20 19 20 20 19 18
34x24: 22 23 21 24 21 22
12x21: 7 8 6 7 7 6
17x25: 13 14 11 10 11 10
37x42: 22 24 25 38 25 28
35x13: 5 9 5 10 7 5
29x22: 16 15 20 20 17 17
32x22: 24 18 19 20 18 19
16x12: 2 5 3 2 5 2
20x17: 8 11 8 9 11 10
22x16: 11 8 10 8 12 11
15x45: 22 16 18 19 18 16
21x45: 24 29 26 25 26 27
19x16: 4 7 4 6 3 6
35x17: 6 12 7 12 8 10
34x15: 8 8 9 13 6 11
14x15: 2 2 3 4 4 4
14x40: 7 7 10 12 6 8
24x34: 27 21 22 21 21 24
41x32: 34 37 32 42 37 36
41x31: 18 23 19 22 23 21
35x37: 17 26 31 17 20 19
20x23: 15 12 11 12 11 11
19x12: 7 6 6 7 6 5
41x20: 9 11 17 15 11 10
32x19: 15 16 18 17 17 19
43x41: 22 22 28 28 33 45
15x45: 24 19 20 17 16 17
21x43: 16 15 18 12 12 22
37x30: 25 24 15 16 19 19
14x34: 15 12 12 12 14 14
46x35: 38 21 26 28 29 20
47x17: 15 12 12 10 15 11
13x27: 8 9 4 4 4 6
40x28: 29 28 32 39 30 30
23x26: 8 10 8 9 8 12
13x45: 19 15 18 14 15 14
39x16: 15 8 10 16 8 8
27x13: 9 5 4 5 5 7
23x27: 20 17 16 17 19 17
15x15: 4 6 4 3 4 3
22x17: 4 6 5 8 7 4
31x46: 19 18 31 21 29 24
22x18: 5 10 8 6 5 8
42x39: 27 39 24 32 22 38
14x41: 11 9 8 8 6 7
15x45: 17 19 16 21 23 18
23x30: 19 17 24 17 23 17
30x34: 26 24 14 16 15 14
17x42: 13 9 9 12 17 10
22x14: 8 7 7 7 9 10
14x28: 5 5 6 6 9 5
31x33: 20 15 20 14 16 23
23x41: 21 13 16 12 13 11
28x28: 24 20 19 26 20 22
39x15: 17 14 15 15 15 21
34x37: 28 26 27 17 17 17
14x41: 14 17 20 14 15 16
12x16: 4 5 4 6 6 5
16x19: 10 9 7 7 7 8
20x21: 10 10 10 11 12 15
35x41: 21 23 33 24 24 18
14x45: 16 15 16 20 17 21
43x13: 13 8 7 14 7 7
18x17: 10 8 8 7 9 10
15x42: 16 16 15 19 19 16
14x25: 8 8 11 12 9 8
24x17: 11 10 10 11 13 12
25x30: 10 13 10 14 11 17
44x33: 28 29 22 24 29 19
22x23: 14 12 12 17 15 13
48x19: 26 22 31 22 28 23
38x34: 16 26 16 20 20 29
12x46: 9 14 8 9 9 11
19x21: 10 9 5 5 6 7
34x18: 17 15 20 15 15 16
48x43: 29 34 42 31 46 39
13x38: 15 13 12 13 13 15
19x13: 6 3 5 3 4 3
42x12: 17 13 17 12 13 12
34x15: 14 13 15 13 18 12
34x39: 23 29 18 31 17 25
32x42: 25 18 23 18 17 27
19x15: 7 4 4 5 4 5
41x44: 40 39 22 27 31 23
20x39: 11 11 10 14 14 12
32x30: 15 15 17 14 16 21
14x23: 4 6 3 4 5 6
34x31: 19 14 14 21 20 20
19x12: 5 3 4 4 4 3
14x39: 11 7 9 8 8 6
26x17: 6 9 6 9 5 5
18x36: 19 16 16 17 17 16
16x40: 16 19 16 19 16 20
17x18: 5 4 6 7 4 4
42x14: 16 19 15 14 18 14
33x40: 35 25 19 20 19 17
27x45: 27 18 25 18 21 26
16x17: 9 8 7 7 7 8
35x13: 8 8 8 6 8 6
33x19: 9 9 16 15 9 8
32x18: 12 8 10 10 9 9
22x28: 16 16 22 15 17 15
15x31: 9 7 6 9 9 7
33x43: 28 20 27 19 24 29
47x26: 44 32 38 32 31 31
21x19: 11 10 11 10 9 13
18x29: 10 8 8 6 8 11
22x18: 6 6 9 9 6 6
21x14: 7 9 8 7 9 8
23x41: 15 14 16 12 16 16
39x28: 23 16 17 17 27 16
21x40: 11 12 15 19 16 16
39x22: 17 19 11 19 11 13
20x23: 7 5 7 6 8 6
46x21: 26 27 25 26 28 25
31x13: 11 10 13 11 11 11
44x16: 8 12 8 13 15 11
18x28: 18 15 12 14 12 13
47x18: 13 14 20 15 11 12
34x32: 30 30 27 30 30 34
15x23: 6 4 5 8 5 5
13x20: 3 3 6 3 3 6
47x30: 29 18 27 18 35 23
29x14: 5 4 6 9 7 5
37x48: 47 46 53 57 44 45
19x15: 5 7 3 4 5 4
33x19: 8 11 10 8 13 12
30x23: 19 17 17 25 18 20
13x42: 9 7 14 9 7 9
37x13: 14 12 14 12 12 14
30x27: 11 13 12 21 21 12
37x22: 11 12 14 12 18 16
19x35: 12 8 12 11 8 10
14x17: 7 6 6 6 6 7
31x15: 12 11 11 15 12 11
26x48: 17 19 18 18 19 31
14x45: 20 15 19 21 15 15
12x22: 6 8 6 7 9 8
17x25: 12 12 12 11 12 12
18x27: 10 11 8 11 6 8
43x21: 22 24 28 22 30 23
16x34: 15 13 15 16 13 19
28x42: 21 17 18 26 19 15
37x33: 37 31 31 40 34 31
27x28: 19 19 22 19 24 22
46x29: 32 19 17 21 17 29
40x15: 15 17 17 19 17 15
34x15: 15 12 13 13 18 15
38x39: 28 20 21 23 32 21
13x43: 16 15 19 14 14 16
42x27: 20 22 18 23 19 21
45x23: 26 27 25 37 31 25
31x12: 10 9 9 10 9 13
24x22: 13 14 15 15 14 17
42x15: 8 9 8 13 16 14
41x19: 21 24 19 25 21 20
30x38: 34 29 35 29 29 28
24x43: 27 27 27 30 25 29
39x21: 15 11 15 12 13 19
27x34: 22 22 27 30 25 28
19x45: 13 17 13 14 16 17
38x34: 26 29 19 17 19 20
24x16: 13 9 13 9 10 11
16x44: 20 21 17 20 17 20
38x13: 16 14 13 12 12 14
15x30: 11 8 8 8 7 8
27x13: 9 10 8 11 8 11
25x23: 8 10 7 11 7 9
28x14: 11 13 11 9 9 10
47x14: 24 21 17 16 17 17
41x14: 6 10 8 6 9 13
39x25: 21 22 19 13 13 15
25x47: 21 20 18 15 15 22
22x38: 30 20 23 23 24 21
44x28: 38 31 32 33 32 40
34x32: 20 18 19 21 14 13
12x26: 7 10 7 9 7 8
38x23: 25 23 23 23 23 25
19x46: 18 15 12 11 12 14
31x16: 13 12 12 18 15 12
46x26: 33 34 38 34 30 29
17x15: 6 8 6 7 8 7
31x28: 16 13 11 13 17 16
14x20: 7 7 8 8 9 8
13x46: 14 14 15 16 21 20
20x21: 0 0 0 0 70 0
17x31: 9 6 10 6 7 11
15x42: 13 10 9 9 14 11
46x18: 14 21 12 16 12 11
22x21: 6 11 8 6 7 9
37x45: 24 33 36 24 25 24
37x30: 29 29 32 29 32 36
20x30: 15 19 16 16 15 15
46x42: 34 26 29 46 48 27
19x26: 7 12 10 7 6 6
46x17: 22 22 19 26 20 19
27x29: 27 21 21 20 25 20
38x47: 44 44 52 44 55 51
41x27: 14 23 23 22 16 16
45x42: 33 39 29 29 49 31
38x44: 28 25 30 21 23 35
44x21: 25 24 24 24 26 27
18x28: 9 6 8 8 10 12
44x15: 20 19 16 21 18 18
15x35: 6 12 6 11 9 11
31x18: 19 15 19 13 13 13
17x27: 7 9 7 7 7 6
18x41: 12 13 9 14 9 15
15x40: 9 16 9 10 13 8
23x17: 8 6 5 5 5 4
18x20: 4 8 4 7 5 7
17x32: 9 10 6 7 7 10
26x14: 10 9 9 11 11 10
28x43: 20 16 19 23 28 18
45x14: 10 9 13 10 9 9
12x39: 12 8 8 7 10 7
12x15: 6 5 5 4 4 5
13x39: 13 16 15 12 15 12
29x23: 24 17 17 18 17 21
30x45: 18 24 24 20 27 31
33x43: 41 41 36 48 36 37
38x22: 15 11 12 16 10 15
32x14: 11 12 13 11 13 12
23x33: 20 18 23 18 23 25
27x26: 16 13 13 11 9 10
15x20: 8 8 7 7 7 10
27x17: 16 11 11 12 11 11
22x29: 15 18 16 22 16 15
35x29: 12 15 18 23 12 16
31x33: 23 19 15 26 14 13
36x14: 6 9 10 7 6 10
12x29: 8 10 8 11 11 9
29x20: 21 15 17 15 14 16
16x25: 13 12 10 10 12 11
35x35: 44 36 30 31 31 33
42x43: 31 42 37 28 25 31
15x17: 6 4 3 5 3 3
29x15: 6 10 5 5 6 11
19x20: 11 11 10 10 11 11
32x23: 18 21 24 18 22 20
34x27: 12 12 23 17 19 15
41x36: 25 21 21 20 36 31
38x21: 25 21 25 20 20 22
22x27: 13 10 7 12 9 8
22x12: 8 8 6 6 7 8
32x22: 15 10 9 10 15 11
26x43: 16 26 21 14 16 17
27x13: 9 9 10 8 8 11
35x26: 23 25 23 28 23 27
19x46: 23 24 24 22 22 24
18x45: 11 11 20 19 16 12
24x45: 28 29 32 30 31 28
44x18: 19 22 22 22 26 19
45x39: 28 32 26 29 35 29
12x39: 15 11 14 14 12 12
26x12: 8 9 10 9 8 8
23x19: 11 10 13 10 15 13
30x21: 12 11 14 8 14 10
29x33: 27 27 25 27 29 24
17x12: 7 5 5 6 7 5
14x23: 4 4 6 5 4 3
29x46: 21 16 21 24 23 27
12x46: 18 15 16 16 16 13
20x14: 10 7 7 7 10 7
12x35: 5 7 6 9 9 5
41x15: 14 11 8 10 8 12
28x22: 21 16 15 16 17 16
14x20: 7 7 7 9 7 7
21x26: 14 18 13 13 18 16
26x19: 14 13 12 15 12 17
29x22: 17 17 15 17 21 16
12x15: 5 2 4 3 2 4
43x18: 13 14 13 15 12 10
12x33: 13 10 9 13 12 10
22x36: 10 16 11 14 17 10
46x26: 15 26 23 19 18 15
17x30: 14 12 12 15 14 14
16x12: 3 5 2 5 2 2
23x37: 11 10 15 19 13 14
16x33: 6 10 6 11 9 9
37x28: 14 24 17 18 13 22
23x26: 16 15 20 18 18 14
12x12: 4 3 4 4 4 4
31x12: 5 9 5 6 7 7
26x15: 11 11 12 10 10 11
34x46: 21 30 21 29 35 28
28x18: 0 72 0 0 0 0
16x29: 7 6 11 6 8 6
16x21: 8 4 5 5 4 6
13x30: 9 12 9 11 12 9
21x17: 12 10 10 10 8 8
15x31: 11 11 13 13 14 15
16x30: 6 8 6 11 10 9
32x40: 37 44 34 36 32 32
22x31: 23 17 17 19 20 17
29x26: 10 12 12 9 11 17
21x39: 16 12 17 17 14 13
42x20: 12 16 11 21 14 10
26x16: 12 11 13 10 12 12
17x37: 9 9 8 9 10 12
31x33: 14 16 16 25 20 13
23x32: 12 9 8 17 11 8
13x24: 8 10 10 7 8 9
33x35: 42 28 31 36 31 29
39x16: 17 16 15 20 17 18
13x30: 13 9 9 12 9 10
26x39: 25 26 32 27 26 31
15x18: 6 4 7 4 3 6
45x14: 10 7 14 8 7 11
41x37: 37 47 39 41 47 41
14x17: 6 5 6 6 7 7
48x27: 19 24 26 23 24 22
23x35: 18 18 9 13 9 10
23x17: 10 11 9 11 13 9
21x34: 18 9 14 16 10 9
15x30: 11 11 15 13 14 11
27x27: 11 10 10 18 12 19
19x24: 12 11 11 14 12 15
33x35: 33 29 36 31 29 32
14x29: 10 12 10 10 15 10
17x20: 10 12 9 8 9 8
34x30: 32 25 27 25 27 34
22x36: 23 21 22 19 19 28
17x46: 15 9 11 11 18 10
32x44: 19 34 22 19 19 22
34x17: 19 16 14 16 14 18
13x24: 9 9 8 7 8 8
17x43: 11 8 15 12 11 12
24x28: 10 9 13 9 11 16
30x13: 10 10 13 12 9 11
43x16: 11 14 10 12 11 9
35x48: 22 37 27 28 32 30
22x27: 14 14 17 19 16 16
38x40: 38 20 21 23 20 27
43x32: 27 18 21 30 19 21
42x21: 24 14 16 12 19 12
19x17: 4 3 4 6 6 7
18x23: 13 10 10 12 12 10
15x14: 4 3 4 2 4 2
23x38: 23 26 25 23 23 25
18x15: 7 8 9 6 7 6
29x19: 14 14 13 18 13 14
18x13: 5 6 6 7 5 7
22x18: 13 9 9 11 12 11
18x17: 8 10 7 8 8 8
43x15: 16 16 16 18 23 20
21x15: 8 7 9 9 8 9
21x35: 14 10 12 10 16 12
21x41: 14 18 13 17 16 12
37x22: 29 20 21 20 20 25
38x30: 20 15 19 22 18 22
43x33: 20 29 20 21 37 20
27x27: 14 13 13 17 13 11
32x37: 37 33 35 29 35 31
28x15: 13 11 11 14 11 10
28x21: 16 15 14 14 20 14
16x15: 3 6 6 3 3 3
13x26: 10 11 9 10 8 8
43x45: 30 37 26 26 35 42
14x21: 7 8 8 8 7 10
34x26: 21 12 11 12 16 13
40x43: 50 47 45 44 48 44
43x44: 49 24 36 26 33 24
33x33: 23 16 16 15 20 20
39x43: 41 31 27 30 27 23
47x14: 13 12 9 7 8 10
41x30: 24 20 20 21 23 21
17x47: 9 12 11 17 11 9
18x21: 6 10 5 6 10 5
42x31: 35 32 32 40 38 36
32x29: 12 12 17 13 12 21
22x18: 7 8 5 7 6 7
43x22: 13 13 15 24 16 17
43x12: 13 15 12 14 13 18
17x25: 12 11 10 12 12 13
14x14: 5 6 6 5 4 6
18x12: 6 5 5 7 6 5
14x13: 6 4 4 6 6 4
46x46: 28 28 37 44 42 43
26x24: 9 8 12 11 11 9
21x19: 12 11 13 9 10 9
32x19: 10 10 10 7 12 10
13x47: 9 11 10 9 7 9
18x40: 9 12 19 9 16 12
24x18: 10 10 14 10 15 13
25x18: 9 11 6 6 7 6
22x37: 14 12 12 21 11 13
34x48: 44 42 47 42 42 55
17x21: 10 9 10 8 12 10
39x13: 14 13 17 14 12 14
18x43: 11 17 16 16 11 12
16x38: 19 16 22 16 15 15
29x33: 14 23 15 15 15 17
25x42: 29 28 27 27 29 35
32x23: 13 14 8 10 13 8
31x45: 38 38 49 34 34 40
48x19: 16 20 13 16 15 15
34x12: 6 11 5 7 9 5
37x31: 23 16 23 25 15 15
12x23: 6 8 6 9 8 9
12x39: 11 11 12 14 13 16
22x34: 18 22 19 24 18 23
46x46: 68 54 57 55 52 68
18x12: 6 6 5 6 7 5
36x14: 14 13 13 16 14 13
25x15: 10 11 9 9 11 11
15x23: 6 5 6 7 5 6
37x15: 10 11 9 15 7 7
38x42: 22 27 26 38 23 28
17x44: 11 15 9 11 9 15
16x14: 5 7 6 5 7 7
41x27: 14 15 14 15 23 28
35x29: 23 12 14 14 12 21
20x19: 10 9 11 10 10 12
22x35: 24 19 19 25 22 20
32x31: 13 23 12 12 17 18
39x33: 28 26 17 17 21 23
26x13: 9 10 9 9 11 9
43x45: 35 37 41 26 27 31
23x41: 18 17 18 15 12 11
41x18: 13 14 9 12 10 17
22x15: 6 7 4 6 7 4
18x14: 6 9 7 6 7 7
47x44: 54 59 51 55 51 56
18x12: 5 6 5 6 6 6
25x28: 17 20 17 17 21 17
16x42: 17 20 19 23 16 17
43x35: 29 27 22 21 25 27
15x47: 22 18 17 20 18 20
33x22: 20 20 21 20 20 21
28x15: 11 12 10 14 11 11
31x18: 10 9 9 10 7 12
30x12: 8 7 5 6 9 5
23x24: 18 13 16 17 13 15
36x34: 24 20 29 19 18 22
34x31: 21 14 16 19 22 14
34x15: 7 11 7 9 11 8
20x34: 9 11 8 13 9 16
44x23: 23 15 12 17 18 13
12x32: 11 10 11 10 9 10
12x38: 11 12 12 12 11 12
24x38: 25 23 27 27 23 22
14x29: 7 5 9 7 4 4
20x40: 23 20 21 24 25 22
21x46: 22 15 14 21 15 17
28x43: 16 20 19 25 15 24
12x19: 6 3 4 4 4 3
46x15: 13 10 10 9 13 14
37x28: 24 16 14 17 20 14
42x13: 19 14 13 18 14 15
46x16: 18 20 20 26 18 18
20x26: 7 8 6 7 11 9
15x17: 3 5 4 4 5 4
22x17: 5 5 4 4 7 7
44x16: 12 12 8 11 12 12
29x28: 13 11 12 10 16 17
35x29: 12 15 15 20 15 14
43x37: 41 48 39 40 40 43
19x35: 13 8 11 13 9 12
22x27: 11 12 7 12 8 10
46x31: 26 28 18 33 25 18
35x35: 16 20 18 18 25 15
12x18: 5 5 6 7 7 6
44x12: 17 13 14 16 15 13
30x43: 22 31 17 19 20 22
45x35: 41 22 25 32 22 21
19x16: 8 8 7 7 9 10
38x13: 12 14 12 18 12 14
21x48: 20 17 15 20 16 20
48x12: 18 16 15 15 20 14
31x34: 16 19 20 17 13 25
46x23: 26 30 26 26 36 29
28x21: 15 8 13 7 7 13
31x36: 35 29 33 30 30 29
48x18: 30 23 22 22 26 25
33x20: 13 9 11 11 8 13
19x23: 12 14 12 10 12 12
14x15: 4 3 3 3 2 5
14x16: 7 5 7 6 6 6
26x35: 27 23 25 22 24 25
17x23: 11 10 13 9 9 13
19x42: 20 20 22 20 24 28
18x36: 12 9 10 12 13 13
13x24: 7 8 10 7 8 8
12x36: 7 8 6 6 8 11
23x18: 8 7 5 6 10 6
47x20: 18 11 17 16 11 11
21x12: 7 6 6 6 9 6
17x15: 6 8 6 7 6 8
15x38: 10 9 7 7 14 8
39x27: 15 14 16 20 21 26
29x48: 20 33 19 19 19 22
15x15: 6 5 5 7 6 7
39x48: 46 49 47 53 50 68
29x23: 11 14 7 11 8 9
19x38: 18 20 20 21 22 19
16x18: 10 9 7 8 7 7
17x13: 4 3 2 5 2 3
28x48: 43 33 34 38 34 42
19x26: 12 16 12 12 13 12
21x19: 11 9 12 10 9 11
41x43: 28 38 40 22 26 27
12x45: 14 15 14 15 13 19
26x32: 23 20 29 20 26 20
35x12: 14 13 10 10 10 11
14x31: 13 11 10 10 15 15
13x42: 8 7 13 8 7 13
39x17: 13 8 8 12 10 14
19x41: 9 17 12 9 16 13
23x25: 7 11 8 10 10 8
47x16: 12 10 12 13 17 9
29x16: 15 11 11 12 13 12
21x22: 13 13 16 12 12 11
12x17: 6 5 5 7 5 5
34x27: 21 14 13 18 12 17
38x33: 40 36 33 38 32 33
16x44: 24 17 20 21 18 17
21x34: 19 19 21 18 20 22
31x48: 21 27 28 22 28 27
29x31: 18 12 14 13 12 17
32x21: 10 16 11 11 9 13
12x16: 6 4 6 4 4 6
17x42: 17 23 21 18 22 17
26x17: 11 11 14 11 13 13
28x17: 11 7 7 5 6 9
41x22: 12 15 14 14 17 11
33x23: 11 9 15 10 19 11
32x26: 23 22 21 28 20 23
12x39: 8 9 9 7 12 7
32x21: 19 17 16 17 16 23
28x24: 16 17 19 18 18 19
27x31: 23 22 22 23 24 24
37x21: 14 10 17 18 13 10
37x41: 48 42 40 44 43 37
14x21: 4 6 5 3 6 4
45x21: 18 13 13 18 16 25
30x28: 27 25 21 25 21 22
27x34: 15 14 15 17 17 18
33x29: 18 18 13 14 16 20
27x19: 6 6 8 13 13 8
46x31: 21 27 28 22 22 29
18x34: 12 12 11 8 11 12
23x36: 20 20 23 27 22 23
22x25: 13 16 14 15 17 17
22x14: 8 7 9 9 10 9
46x21: 17 18 21 13 15 14
22x27: 18 14 16 21 14 14
25x20: 15 13 13 14 12 12
32x19: 7 11 11 9 9 10
12x15: 4 5 4 6 4 5
12x29: 9 8 12 10 10 8
37x15: 8 11 8 11 10 10
24x24: 8 12 10 11 9 14
34x23: 11 11 10 18 9 15
18x15: 4 6 3 6 6 3
17x16: 6 9 9 7 8 6
48x28: 20 27 20 23 30 21
24x26: 18 18 16 18 16 19
12x33: 5 5 7 9 8 8
43x23: 14 13 18 18 21 13
21x39: 11 14 12 16 18 13
13x18: 6 7 6 5 7 6
22x18: 12 9 9 11 9 12
22x36: 13 13 17 11 14 10
12x12: 4 3 2 3 2 2
32x43: 35 35 36 35 35 49
34x42: 27 21 36 19 22 19
36x43: 45 38 41 39 54 44
17x44: 20 21 22 18 25 18
31x44: 24 17 24 22 29 19
33x23: 17 12 14 10 9 9
33x12: 11 9 12 12 12 9
17x21: 8 10 10 8 10 9
30x39: 17 20 19 17 27 30
19x31: 9 12 7 12 8 8
15x16: 6 6 7 6 6 6
41x33: 46 34 39 34 36 35
39x24: 15 16 19 17 22 13
29x12: 8 8 10 10 8 11
15x45: 13 17 9 15 9 11
20x29: 10 8 6 9 13 6
29x44: 23 17 17 21 15 24
30x14: 12 11 12 11 13 11
41x48: 28 31 40 32 34 29
18x21: 12 10 12 12 9 9
20x23: 16 16 12 11 11 11
13x21: 6 9 7 8 6 9
35x20: 17 17 20 18 18 25
26x45: 37 31 33 33 29 35
17x29: 7 8 8 6 8 6
38x27: 34 26 29 28 27 25
20x27: 14 13 14 15 17 15
13x18: 7 7 7 6 6 6
27x17: 12 15 11 11 12 15
16x20: 3 7 5 6 4 3
38x38: 21 18 25 25 20 33
28x13: 9 7 4 4 4 5
46x27: 18 16 32 17 18 31
13x43: 19 16 19 13 13 14
13x14: 5 6 4 4 6 5
32x16: 13 12 13 15 12 17
24x29: 15 10 12 10 11 13
22x29: 10 9 8 10 8 14
23x39: 15 14 13 11 19 18
39x41: 41 42 43 44 40 45
24x40: 17 18 17 17 17 16
13x28: 9 4 4 7 5 6
13x34: 8 9 7 6 5 9
22x21: 12 11 14 12 14 13
13x21: 6 5 7 3 3 4
12x45: 13 8 8 9 7 12
34x22: 12 13 9 13 13 14
37x31: 21 18 18 16 21 19
22x39: 29 22 22 23 22 26
14x47: 7 8 9 8 11 13
15x43: 8 14 15 10 9 8
14x16: 7 7 6 5 6 7
26x31: 24 21 23 22 21 24
33x20: 8 9 9 16 14 9
42x27: 29 18 17 18 26 17
13x36: 13 11 14 13 13 13
17x47: 11 13 13 18 9 10
45x27: 21 26 28 17 16 19
20x38: 20 19 19 22 21 27
22x16: 5 7 5 6 5 5
27x18: 7 12 9 8 7 9
19x28: 13 14 15 18 13 16
41x47: 27 24 38 38 33 31
23x14: 6 5 7 3 4 3
21x20: 6 6 5 9 9 6
16x43: 12 8 12 9 13 11
30x30: 13 17 19 18 18 12
13x17: 4 4 4 2 3 2
35x38: 17 18 21 16 21 32
41x16: 13 14 9 8 11 9
43x32: 26 24 30 20 17 22
42x17: 8 10 15 8 10 13
33x45: 22 33 21 25 30 26
24x23: 13 15 15 13 13 16
15x21: 9 9 8 10 7 9
28x30: 15 13 13 15 11 22
19x16: 8 8 9 8 10 8
22x25: 8 9 8 12 8 9
36x35: 25 18 18 26 18 27
46x32: 36 47 38 37 42 42
21x28: 9 12 10 8 8 15
41x35: 23 26 17 26 20 25
15x32: 8 8 7 8 10 7
34x15: 12 13 13 16 13 14
20x48: 18 12 19 15 19 12
28x28: 14 14 11 11 14 12
38x23: 14 12 20 14 10 12
17x14: 3 3 5 4 3 2
32x23: 25 22 19 19 21 18
39x15: 19 16 16 14 17 17
22x14: 3 5 3 7 6 3
39x13: 15 15 15 12 12 16
43x48: 51 57 55 59 60 65
12x23: 9 7 9 6 7 8
22x20: 5 9 5 6 6 9
26x26: 19 17 18 18 18 18
31x32: 25 25 29 26 26 33
25x46: 18 15 28 25 18 15
32x48: 20 29 29 20 21 40
32x48: 22 27 31 24 20 35
16x14: 6 6 5 7 5 6
22x47: 15 15 17 20 16 19
24x33: 19 19 22 23 24 20
45x42: 60 52 49 47 58 55
30x17: 14 14 12 15 15 16
14x21: 10 9 8 8 7 8
27x14: 9 13 12 9 10 9
18x12: 7 5 5 6 7 5
16x21: 8 9 10 11 8 10
30x44: 20 17 25 21 26 30
17x22: 6 7 6 4 6 6
13x27: 9 11 11 9 8 8
32x37: 16 28 16 18 19 17
31x46: 31 27 18 22 31 21
21x19: 11 11 10 13 9 12
47x13: 11 8 14 9 7 8
41x20: 17 10 15 9 15 9
13x25: 4 6 5 4 6 7
30x25: 18 10 13 10 10 16
19x40: 10 10 15 10 14 12
22x16: 4 5 6 7 4 6
33x13: 14 10 10 10 11 12
23x30: 11 8 12 8 9 16
26x18: 12 14 13 11 15 13
39x12: 11 14 11 12 15 15
18x41: 17 13 10 10 12 16
32x27: 11 17 14 16 20 12
15x30: 11 15 12 13 11 12
36x23: 28 21 24 22 21 24
26x36: 15 13 14 13 18 16
21x14: 7 9 7 9 10 7
41x29: 37 32 32 32 31 32
40x15: 19 16 15 16 17 17
47x13: 8 11 8 10 12 9
17x28: 12 13 13 15 15 11
15x12: 6 4 6 4 5 5
36x13: 14 12 11 14 11 14
29x39: 14 18 25 16 17 23
13x24: 9 8 9 8 7 9
46x34: 22 25 30 32 21 28
15x40: 10 10 8 12 14 10
12x24: 8 8 8 7 8 7
17x30: 17 13 12 14 16 15
29x30: 24 21 22 23 29 28
31x16: 17 13 13 13 13 12
31x24: 21 22 18 22 19 19
42x19: 21 20 20 20 23 27
32x17: 10 9 6 6 8 7
47x31: 23 21 18 26 19 36
42x37: 22 28 38 31 21 28
27x34: 19 16 13 15 14 16
21x21: 7 9 6 11 9 7
46x20: 29 24 23 23 26 30
41x43: 22 41 33 25 24 36
31x23: 19 18 19 22 19 22
18x33: 14 14 14 19 17 17
43x17: 10 8 15 10 10 11
42x32: 34 22 19 25 19 21
35x43: 52 37 41 37 44 43
23x19: 8 8 7 6 6 5
27x20: 13 14 17 15 18 14
21x48: 26 25 28 29 30 26
